2275101
2636963
2707841
2771223
2841153
2886471
2919503
2948865
2959739
2994240
3150414
3153194
3160475
3186836
3186974
3195738
3256344
3290886
3598345
3639659
3695087
3742388
3750393
3951749
3983128
4061219
4062601
4112329
4133028
4200568
4292940
4321881
4336686
4357909
4364926
4423362
4483046
4494886
4553008
4567822
4612714
4695051
4702522
4704873
4711743
4757373
4838865
4960786
4996078
5012016
5043968
5077573
5093897
5094458
5133535
5136823
5178251
5210983
5345583
5371934
5380873
5385747
5401782
5402315
5453054
5480014
5483280
5490079
5554780
5599903
5626874
5627314
5664828
5695544
5734840
5737405
5778267
5782108
5783428
5797650
5820125
6035532
6128181
6238824
6243892
6250588
6367096
6390868
6439871
6517567
6635363
6755363
6792050
6963604
7012933
7042286
